txid,publisher_address,publisher_host,node_address,node_host,weight,epoch_tag,height_payload,timestamp_payload,blocktime,confirmations,confirm_height,confirm_height_source
37be0ce32f6505d91ab7b48e237b4c7ad3fb988c55104a9f9d0c5fff37740166,1ETD6u7wdHS6P9D1mxb1Qx3Aapa2DwAyyZutL2,m1,1ETD6u7wdHS6P9D1mxb1Qx3Aapa2DwAyyZutL2,m1,1,6,85,946685064,946685065,444,86,txs.log UpdateTx
a8e060decd09af8422f954a315a243509629317ba765c6e29c1d2ed545202510,1LtuCHDRfFnaxMXGm2gmsN7NoezE7zExV3Cet8,m3,1LtuCHDRfFnaxMXGm2gmsN7NoezE7zExV3Cet8,m3,1,6,85,946685064,946685065,444,86,txs.log UpdateTx
78df9e7ecab1dfffb5e6f5d1cc6665c7e46a9d5fc8627dc9c37f213c23bfd6b0,1WKxQntNgmP3dtjbv3UL3DHV2JEciQTnQ4K3sr,m2,1WKxQntNgmP3dtjbv3UL3DHV2JEciQTnQ4K3sr,m2,1,6,85,946685064,946685065,444,86,txs.log UpdateTx
96eed55239a89b6f330523dba96225874777f09a283a89853b38f1dd33e6c03a,1ETD6u7wdHS6P9D1mxb1Qx3Aapa2DwAyyZutL2,m1,1ETD6u7wdHS6P9D1mxb1Qx3Aapa2DwAyyZutL2,m1,12606,8,101,946685112,946685116,428,102,txs.log UpdateTx
3accc6c4f0cff0a1750813fcf27c1ac38def5cdd169bbb93f875395e32c7b22e,1LtuCHDRfFnaxMXGm2gmsN7NoezE7zExV3Cet8,m3,1LtuCHDRfFnaxMXGm2gmsN7NoezE7zExV3Cet8,m3,3269,8,101,946685112,946685116,428,102,txs.log UpdateTx
4b816c368f42a79e7ca7e5ad65aa5d6998a906cd27b97e64602e68ed3ec31a7c,1WKxQntNgmP3dtjbv3UL3DHV2JEciQTnQ4K3sr,m2,1WKxQntNgmP3dtjbv3UL3DHV2JEciQTnQ4K3sr,m2,5186,8,101,946685112,946685116,428,102,txs.log UpdateTx
da7b8c81bcf69682226db461019b30d21e4476a936ed3b5482192f8423d9f535,1ETD6u7wdHS6P9D1mxb1Qx3Aapa2DwAyyZutL2,m1,1ETD6u7wdHS6P9D1mxb1Qx3Aapa2DwAyyZutL2,m1,4278,9,113,946685151,946685154,415,115,txs.log UpdateTx
b073d4b75a58c9ddd3dfd38e118193ad3d622656b7cb52d8d55dcce410526bc9,1LtuCHDRfFnaxMXGm2gmsN7NoezE7zExV3Cet8,m3,1LtuCHDRfFnaxMXGm2gmsN7NoezE7zExV3Cet8,m3,1209,9,113,946685151,946685154,415,115,txs.log UpdateTx
cf3409f4ed9022b67677273386d6293919eefc79ac630d05fdb0ece75c365da2,1WKxQntNgmP3dtjbv3UL3DHV2JEciQTnQ4K3sr,m2,1WKxQntNgmP3dtjbv3UL3DHV2JEciQTnQ4K3sr,m2,1323,9,114,946685151,946685154,415,115,txs.log UpdateTx
bef4f5795a59b3910e6e19e9225585dd36d50fa4df7a97622dc616762c2e7b49,1ETD6u7wdHS6P9D1mxb1Qx3Aapa2DwAyyZutL2,m1,1ETD6u7wdHS6P9D1mxb1Qx3Aapa2DwAyyZutL2,m1,21453,10,125,946685187,946685189,404,126,txs.log UpdateTx
ea9bbc159edcb9d1f46bbb1cbf8a19e97c22d904557b9e672052fd56996b5dd5,1WKxQntNgmP3dtjbv3UL3DHV2JEciQTnQ4K3sr,m2,1WKxQntNgmP3dtjbv3UL3DHV2JEciQTnQ4K3sr,m2,7727,10,125,946685187,946685189,404,126,txs.log UpdateTx
bd3336902c6693be84761469315de79471a3689657ed776ae3c0dbd1424a0b42,1LtuCHDRfFnaxMXGm2gmsN7NoezE7zExV3Cet8,m3,1LtuCHDRfFnaxMXGm2gmsN7NoezE7zExV3Cet8,m3,4122,10,125,946685187,946685189,404,126,txs.log UpdateTx
196bea62568f5c56d25e6b36a893356b0df8ae087f7938182ce52c86c0bf64c7,1ETD6u7wdHS6P9D1mxb1Qx3Aapa2DwAyyZutL2,m1,1ETD6u7wdHS6P9D1mxb1Qx3Aapa2DwAyyZutL2,m1,42907,11,138,946685226,946685230,391,139,txs.log UpdateTx
a9485f865b1ffb739a1b6feaa10c7ef92b39238a607687c6335945b27e963234,1LtuCHDRfFnaxMXGm2gmsN7NoezE7zExV3Cet8,m3,1LtuCHDRfFnaxMXGm2gmsN7NoezE7zExV3Cet8,m3,6539,11,138,946685226,946685230,391,139,txs.log UpdateTx
6165c711540e0133a552c41b0d3c9b7e2741d2342e0684edfd4afda0de84ee68,1WKxQntNgmP3dtjbv3UL3DHV2JEciQTnQ4K3sr,m2,1WKxQntNgmP3dtjbv3UL3DHV2JEciQTnQ4K3sr,m2,15454,11,138,946685226,946685230,391,139,txs.log UpdateTx
2adf42f18b819ddb4e3148ace0f921f9f0f91e2d5fca5a2bc87e92890c7eece5,1ETD6u7wdHS6P9D1mxb1Qx3Aapa2DwAyyZutL2,m1,1ETD6u7wdHS6P9D1mxb1Qx3Aapa2DwAyyZutL2,m1,44404,12,149,946685268,946685272,380,150,txs.log UpdateTx
803b4d1e0c23832db8e6fa905fff0969e709d9dcbf20ddc58a166ab51fbfc074,1LtuCHDRfFnaxMXGm2gmsN7NoezE7zExV3Cet8,m3,1LtuCHDRfFnaxMXGm2gmsN7NoezE7zExV3Cet8,m3,8243,12,149,946685268,946685272,380,150,txs.log UpdateTx
c090ce1ad37a7ce8ef2d269b00ce2cd5dbb85a15289dd5a19715c44a5f137bb5,1WKxQntNgmP3dtjbv3UL3DHV2JEciQTnQ4K3sr,m2,1WKxQntNgmP3dtjbv3UL3DHV2JEciQTnQ4K3sr,m2,18080,12,149,946685268,946685272,380,150,txs.log UpdateTx
8b0c2e862f9bced7dd0ded2b36f12567202b2cbd1f69c9dfd6c2caafa49d2df8,1ETD6u7wdHS6P9D1mxb1Qx3Aapa2DwAyyZutL2,m1,1ETD6u7wdHS6P9D1mxb1Qx3Aapa2DwAyyZutL2,m1,52503,13,161,946685313,946685314,368,162,txs.log UpdateTx
b4219f341b3ff4c5365813ef73dd234677a471c0f67fbd24d0b8fccb528da4fb,1WKxQntNgmP3dtjbv3UL3DHV2JEciQTnQ4K3sr,m2,1WKxQntNgmP3dtjbv3UL3DHV2JEciQTnQ4K3sr,m2,15434,14,173,946685361,946685363,356,174,txs.log UpdateTx
03dc49d9e10957181e3adab3426de87d89960ae88da17a854061360038d3f31e,1LtuCHDRfFnaxMXGm2gmsN7NoezE7zExV3Cet8,m3,1LtuCHDRfFnaxMXGm2gmsN7NoezE7zExV3Cet8,m3,4122,14,173,946685361,946685363,356,174,txs.log UpdateTx
7d81ce4ca6357b8c57ed206aabca9082ad04e8b689d499b79b8eef308bf5c8d0,1ETD6u7wdHS6P9D1mxb1Qx3Aapa2DwAyyZutL2,m1,1ETD6u7wdHS6P9D1mxb1Qx3Aapa2DwAyyZutL2,m1,43947,15,185,946685409,946685411,344,186,txs.log UpdateTx
0eafbc8aa8b0e53020917efc4ce8972772271e737dd9f950d576636585f842f0,1LtuCHDRfFnaxMXGm2gmsN7NoezE7zExV3Cet8,m3,1LtuCHDRfFnaxMXGm2gmsN7NoezE7zExV3Cet8,m3,8243,15,185,946685409,946685411,344,186,txs.log UpdateTx
d086b6116b60157d455767058d56df50ce06e39cba17f9db4142f635e7c5a797,1WKxQntNgmP3dtjbv3UL3DHV2JEciQTnQ4K3sr,m2,1WKxQntNgmP3dtjbv3UL3DHV2JEciQTnQ4K3sr,m2,20535,15,185,946685409,946685411,344,186,txs.log UpdateTx
27c627af27199fe04e44db9661c4538482ecd6b462d8e7e1de8c87befd3d536e,1ETD6u7wdHS6P9D1mxb1Qx3Aapa2DwAyyZutL2,m1,1ETD6u7wdHS6P9D1mxb1Qx3Aapa2DwAyyZutL2,m1,44404,16,197,946685451,946685452,332,198,txs.log UpdateTx
0c013568aaad7ba43b847ca7656ee86922972fbd3dda6cc6c8e860497af6b71e,1WKxQntNgmP3dtjbv3UL3DHV2JEciQTnQ4K3sr,m2,1WKxQntNgmP3dtjbv3UL3DHV2JEciQTnQ4K3sr,m2,15454,16,197,946685451,946685455,331,199,txs.log UpdateTx
f59e8b50b0bcf1d34875064a834c36ba2c5a56a2e20b34b695264c63e0610425,1ETD6u7wdHS6P9D1mxb1Qx3Aapa2DwAyyZutL2,m1,1ETD6u7wdHS6P9D1mxb1Qx3Aapa2DwAyyZutL2,m1,51006,17,209,946685490,946685494,320,210,txs.log UpdateTx
0b3efd48a548f88613d01c38ca255121ea29d5220d101f7eef7586a511b23551,1WKxQntNgmP3dtjbv3UL3DHV2JEciQTnQ4K3sr,m2,1WKxQntNgmP3dtjbv3UL3DHV2JEciQTnQ4K3sr,m2,18080,17,209,946685490,946685494,320,210,txs.log UpdateTx
73231a918315838578bd78a8db440e3e746209883bea0f87547c3338aec906e4,1LtuCHDRfFnaxMXGm2gmsN7NoezE7zExV3Cet8,m3,1LtuCHDRfFnaxMXGm2gmsN7NoezE7zExV3Cet8,m3,5826,17,209,946685490,946685494,320,210,txs.log UpdateTx
df15a4acb20370dea2e7341e3161677b2f2eae4ace973e0f5ea0aacbef0c6d21,1ETD6u7wdHS6P9D1mxb1Qx3Aapa2DwAyyZutL2,m1,1ETD6u7wdHS6P9D1mxb1Qx3Aapa2DwAyyZutL2,m1,45901,18,221,946685535,946685537,308,222,txs.log UpdateTx
90378a0be89945dd4a321accd9716372afdf522498b3f8c5b51d8b80ab2f3466,1LtuCHDRfFnaxMXGm2gmsN7NoezE7zExV3Cet8,m3,1LtuCHDRfFnaxMXGm2gmsN7NoezE7zExV3Cet8,m3,6539,18,221,946685535,946685537,308,222,txs.log UpdateTx
98cba4186de4e700ef94d6dded4327b647ad69721e080d8dbdb7ac368db2df0c,1ETD6u7wdHS6P9D1mxb1Qx3Aapa2DwAyyZutL2,m1,1ETD6u7wdHS6P9D1mxb1Qx3Aapa2DwAyyZutL2,m1,52503,19,233,946685580,946685582,296,234,txs.log UpdateTx
1fefe49c43d018cf9737f8ef1c57f7b660829e9137485dc13c464d4b275edcd6,1WKxQntNgmP3dtjbv3UL3DHV2JEciQTnQ4K3sr,m2,1WKxQntNgmP3dtjbv3UL3DHV2JEciQTnQ4K3sr,m2,15434,19,233,946685580,946685582,296,234,txs.log UpdateTx
74615123fccbca90cb882f9cd7adb83a1742483ca442c756676f0672d22c90c6,1LtuCHDRfFnaxMXGm2gmsN7NoezE7zExV3Cet8,m3,1LtuCHDRfFnaxMXGm2gmsN7NoezE7zExV3Cet8,m3,8243,19,233,946685580,946685582,296,234,txs.log UpdateTx
4753d2410db862e455dba48d36867c10881e70c4998d072776a08c993e69adf6,1WKxQntNgmP3dtjbv3UL3DHV2JEciQTnQ4K3sr,m2,1WKxQntNgmP3dtjbv3UL3DHV2JEciQTnQ4K3sr,m2,17908,20,245,946685625,946685626,284,246,txs.log UpdateTx
a8d2e2daccdb55674d6171ab82c0cd085fb7f6f6f0180bb3672ede8eec911029,1ETD6u7wdHS6P9D1mxb1Qx3Aapa2DwAyyZutL2,m1,1ETD6u7wdHS6P9D1mxb1Qx3Aapa2DwAyyZutL2,m1,51006,20,245,946685625,946685626,284,246,txs.log UpdateTx
516c5cca2ba6ed2aa43c83f0d5ff774ff319d4a22b1d0d6544c0aabcbe5f4f73,1ETD6u7wdHS6P9D1mxb1Qx3Aapa2DwAyyZutL2,m1,1ETD6u7wdHS6P9D1mxb1Qx3Aapa2DwAyyZutL2,m1,52503,21,257,946685667,946685671,272,258,txs.log UpdateTx
cce001ea831ae2420d9f1ee185731b36cc0f5316826386ef7ced2073f1292b38,1WKxQntNgmP3dtjbv3UL3DHV2JEciQTnQ4K3sr,m2,1WKxQntNgmP3dtjbv3UL3DHV2JEciQTnQ4K3sr,m2,18080,21,257,946685667,946685671,272,258,txs.log UpdateTx
9ef1c7e84085219c039b40de65361422cd15f7bc5d05f7c0099d95df5b6502d3,1LtuCHDRfFnaxMXGm2gmsN7NoezE7zExV3Cet8,m3,1LtuCHDRfFnaxMXGm2gmsN7NoezE7zExV3Cet8,m3,5826,21,257,946685667,946685671,272,258,txs.log UpdateTx
716bf8acd454c35cd991d5f7660fd76411a871670bb20c2419e802d2c6a33d5d,1ETD6u7wdHS6P9D1mxb1Qx3Aapa2DwAyyZutL2,m1,1ETD6u7wdHS6P9D1mxb1Qx3Aapa2DwAyyZutL2,m1,44404,22,269,946685712,946685714,260,270,txs.log UpdateTx
a10bb74ad511a4198ef741e352298a0ba89003e32c13b8e6dcbfec3071383bba,1LtuCHDRfFnaxMXGm2gmsN7NoezE7zExV3Cet8,m3,1LtuCHDRfFnaxMXGm2gmsN7NoezE7zExV3Cet8,m3,6539,22,269,946685712,946685714,260,270,txs.log UpdateTx
0f91690f0603a83c1bd3d5e7d07f4d20dbb7b74835e5c852a0f29b1aa324a961,1ETD6u7wdHS6P9D1mxb1Qx3Aapa2DwAyyZutL2,m1,1ETD6u7wdHS6P9D1mxb1Qx3Aapa2DwAyyZutL2,m1,51006,23,281,946685757,946685759,248,282,txs.log UpdateTx
0b34be377398397af1f88918fc50d7f614d3d820ebc004f9ff60fe46db5f1643,1LtuCHDRfFnaxMXGm2gmsN7NoezE7zExV3Cet8,m3,1LtuCHDRfFnaxMXGm2gmsN7NoezE7zExV3Cet8,m3,8243,23,281,946685757,946685759,248,282,txs.log UpdateTx
c6a68ebc4c394c38258ea4edcdc9d2394f35b387ab6d8a2ca8649e8dfcfbef06,1WKxQntNgmP3dtjbv3UL3DHV2JEciQTnQ4K3sr,m2,1WKxQntNgmP3dtjbv3UL3DHV2JEciQTnQ4K3sr,m2,12808,23,281,946685757,946685759,248,282,txs.log UpdateTx
1aee0034e52c30e2de9dc981aa8d6bda4012b1772bdabd51ebc2790aa5e933af,1ETD6u7wdHS6P9D1mxb1Qx3Aapa2DwAyyZutL2,m1,1ETD6u7wdHS6P9D1mxb1Qx3Aapa2DwAyyZutL2,m1,52503,24,293,946685802,946685805,236,294,txs.log UpdateTx
898404fe266f4d40f3881674a56f01c4758cc60c3813ec0638876c548387b508,1WKxQntNgmP3dtjbv3UL3DHV2JEciQTnQ4K3sr,m2,1WKxQntNgmP3dtjbv3UL3DHV2JEciQTnQ4K3sr,m2,18080,24,293,946685802,946685805,236,294,txs.log UpdateTx
7b9f03a02f26ba1884beed24a1893061ef408ddef1fd3781bd614c804cd01af7,1WKxQntNgmP3dtjbv3UL3DHV2JEciQTnQ4K3sr,m2,1WKxQntNgmP3dtjbv3UL3DHV2JEciQTnQ4K3sr,m2,20535,25,305,946685847,946685850,224,306,txs.log UpdateTx
dd6e5cb6cc8687cbef43baece8ba55778055bfab9f3836b8d4e95ade777d3e15,1LtuCHDRfFnaxMXGm2gmsN7NoezE7zExV3Cet8,m3,1LtuCHDRfFnaxMXGm2gmsN7NoezE7zExV3Cet8,m3,5826,25,305,946685847,946685850,224,306,txs.log UpdateTx
5a0b3a62608451411f4616ad7f0ceb745cc2303fe1ffeff81f4802d496bf0cce,1ETD6u7wdHS6P9D1mxb1Qx3Aapa2DwAyyZutL2,m1,1ETD6u7wdHS6P9D1mxb1Qx3Aapa2DwAyyZutL2,m1,37345,26,317,946685889,946685892,212,318,txs.log UpdateTx
475ef0643ef0aae610aa64ceccd6155fb67951ebc755c221555850535a0bdce5,1LtuCHDRfFnaxMXGm2gmsN7NoezE7zExV3Cet8,m3,1LtuCHDRfFnaxMXGm2gmsN7NoezE7zExV3Cet8,m3,8243,26,317,946685889,946685892,212,318,txs.log UpdateTx
e258b1542f0d0831ee9766ecf4a0cab911fc339a42968838bdb4ac9b67226092,1WKxQntNgmP3dtjbv3UL3DHV2JEciQTnQ4K3sr,m2,1WKxQntNgmP3dtjbv3UL3DHV2JEciQTnQ4K3sr,m2,18080,26,317,946685889,946685892,212,318,txs.log UpdateTx
76fdd59a52906372ae0199a591d150e49450c02fd1d0cc7004e00562eb71099e,1ETD6u7wdHS6P9D1mxb1Qx3Aapa2DwAyyZutL2,m1,1ETD6u7wdHS6P9D1mxb1Qx3Aapa2DwAyyZutL2,m1,51006,27,329,946685934,946685937,200,330,txs.log UpdateTx
78c4ce0564c397a3928927db8c9657c03c568dc953a1ab735cc506f0a63c12d1,1LtuCHDRfFnaxMXGm2gmsN7NoezE7zExV3Cet8,m3,1LtuCHDRfFnaxMXGm2gmsN7NoezE7zExV3Cet8,m3,6539,27,329,946685934,946685937,200,330,txs.log UpdateTx
443c0b30a7659f1bd2aa372d831b1afa3527e569b652ec9bdb929037045f47fd,1ETD6u7wdHS6P9D1mxb1Qx3Aapa2DwAyyZutL2,m1,1ETD6u7wdHS6P9D1mxb1Qx3Aapa2DwAyyZutL2,m1,44404,28,341,946685976,946685978,188,342,txs.log UpdateTx
8ef5e8601db96fb1f223b21381465108b8556a6b95231786928956341522e96b,1WKxQntNgmP3dtjbv3UL3DHV2JEciQTnQ4K3sr,m2,1WKxQntNgmP3dtjbv3UL3DHV2JEciQTnQ4K3sr,m2,12808,28,341,946685976,946685978,188,342,txs.log UpdateTx
91d89ace4617f2bc41c71a1af14da424737e97b0d077ae0a8bed45c6ad7018bc,1LtuCHDRfFnaxMXGm2gmsN7NoezE7zExV3Cet8,m3,1LtuCHDRfFnaxMXGm2gmsN7NoezE7zExV3Cet8,m3,8243,28,341,946685976,946685978,188,342,txs.log UpdateTx
fbee77a4241d021b2486c3333b07c6d5603e6ca73ea480857015d9a1ea63eef1,1ETD6u7wdHS6P9D1mxb1Qx3Aapa2DwAyyZutL2,m1,1ETD6u7wdHS6P9D1mxb1Qx3Aapa2DwAyyZutL2,m1,52503,29,353,946686018,946686023,176,354,txs.log UpdateTx
bc8265afd1dc81e0d4fec20dbf5686e3ba86a156ab6dcae577ebed04421b324e,1WKxQntNgmP3dtjbv3UL3DHV2JEciQTnQ4K3sr,m2,1WKxQntNgmP3dtjbv3UL3DHV2JEciQTnQ4K3sr,m2,18080,29,353,946686018,946686023,176,354,txs.log UpdateTx
2a492ec6c0f6e4817f0a67e1a90c6b45d2c3a4bdcf9ab34905a24b8ce4a7aca4,1ETD6u7wdHS6P9D1mxb1Qx3Aapa2DwAyyZutL2,m1,1ETD6u7wdHS6P9D1mxb1Qx3Aapa2DwAyyZutL2,m1,42907,30,365,946686060,946686062,164,366,txs.log UpdateTx
02905fbc07d0442fb4ed45434f4ceac0a0bd21e9bf1bfc280e7dd8c4d7fa1c64,1LtuCHDRfFnaxMXGm2gmsN7NoezE7zExV3Cet8,m3,1LtuCHDRfFnaxMXGm2gmsN7NoezE7zExV3Cet8,m3,4122,30,365,946686060,946686062,164,366,txs.log UpdateTx
b9a62b3ccba9918afc606ee643371d928a79b97a9b6bf3304b677b7d6872bd1c,1WKxQntNgmP3dtjbv3UL3DHV2JEciQTnQ4K3sr,m2,1WKxQntNgmP3dtjbv3UL3DHV2JEciQTnQ4K3sr,m2,15454,30,365,946686060,946686062,164,366,txs.log UpdateTx
211868aca3120b5daba08fb2b5d82db78023d2fa9b553c43d76b4a79c2bcd7b7,1WKxQntNgmP3dtjbv3UL3DHV2JEciQTnQ4K3sr,m2,1WKxQntNgmP3dtjbv3UL3DHV2JEciQTnQ4K3sr,m2,18080,31,377,946686105,946686107,152,378,txs.log UpdateTx
ce2f42a93b48cf2a245e84c1c28f9d2edc23d38c46783ebcd9f77da8108a118f,1ETD6u7wdHS6P9D1mxb1Qx3Aapa2DwAyyZutL2,m1,1ETD6u7wdHS6P9D1mxb1Qx3Aapa2DwAyyZutL2,m1,52503,31,377,946686105,946686107,152,378,txs.log UpdateTx
1012a011248ee795d73bd5be78935c2a4ecafe7edfb9ec88382cefa249ec726f,1LtuCHDRfFnaxMXGm2gmsN7NoezE7zExV3Cet8,m3,1LtuCHDRfFnaxMXGm2gmsN7NoezE7zExV3Cet8,m3,8243,31,377,946686105,946686107,152,378,txs.log UpdateTx
59b3e42fd4e94c5d114f782f817fbc0308b9044e2cfba6a902dd99b92cbd0bae,1ETD6u7wdHS6P9D1mxb1Qx3Aapa2DwAyyZutL2,m1,1ETD6u7wdHS6P9D1mxb1Qx3Aapa2DwAyyZutL2,m1,44404,32,389,946686147,946686149,140,390,txs.log UpdateTx
ece656c90b40a47d2cbe00474d238ce08bdc9a8ae24f81eab8b51b2c993cd76d,1WKxQntNgmP3dtjbv3UL3DHV2JEciQTnQ4K3sr,m2,1WKxQntNgmP3dtjbv3UL3DHV2JEciQTnQ4K3sr,m2,20535,32,389,946686147,946686149,140,390,txs.log UpdateTx
98fcb13f7a4df33619588ad3dd8765508a5f749f52efcea28f754f7ac6d6c76d,1ETD6u7wdHS6P9D1mxb1Qx3Aapa2DwAyyZutL2,m1,1ETD6u7wdHS6P9D1mxb1Qx3Aapa2DwAyyZutL2,m1,52503,33,401,946686186,946686191,128,402,txs.log UpdateTx
59304f4bcf366876073d7e603095fdc5e9835cbb74e5974b6ef20d908e3a54fe,1LtuCHDRfFnaxMXGm2gmsN7NoezE7zExV3Cet8,m3,1LtuCHDRfFnaxMXGm2gmsN7NoezE7zExV3Cet8,m3,5826,33,401,946686186,946686191,128,402,txs.log UpdateTx
a1b1c92a657da7de73188a9290f622739ebe00903c14f437f0a15e1b9f69cded,1WKxQntNgmP3dtjbv3UL3DHV2JEciQTnQ4K3sr,m2,1WKxQntNgmP3dtjbv3UL3DHV2JEciQTnQ4K3sr,m2,18080,33,401,946686186,946686191,128,402,txs.log UpdateTx
2f8862621b47f8fadb51b812f7920adc07ca7767bf4c760cfc6b163d26b01b74,1WKxQntNgmP3dtjbv3UL3DHV2JEciQTnQ4K3sr,m2,1WKxQntNgmP3dtjbv3UL3DHV2JEciQTnQ4K3sr,m2,15454,34,413,946686231,946686235,116,414,txs.log UpdateTx
0c651d37a6f004841f60e1ee8454508e6c18a1aed3b510b3ff748216300b012b,1ETD6u7wdHS6P9D1mxb1Qx3Aapa2DwAyyZutL2,m1,1ETD6u7wdHS6P9D1mxb1Qx3Aapa2DwAyyZutL2,m1,51006,34,413,946686231,946686235,116,414,txs.log UpdateTx
7ddbe0aa0911b3269994ab0a613ed5f159909d7d4d071ff4055db9b943e460cd,1LtuCHDRfFnaxMXGm2gmsN7NoezE7zExV3Cet8,m3,1LtuCHDRfFnaxMXGm2gmsN7NoezE7zExV3Cet8,m3,6539,34,413,946686231,946686235,116,414,txs.log UpdateTx
22cdb01986217ce3601d1e140fccfd813de32d725c1d6f7c01d104199ea6946e,1ETD6u7wdHS6P9D1mxb1Qx3Aapa2DwAyyZutL2,m1,1ETD6u7wdHS6P9D1mxb1Qx3Aapa2DwAyyZutL2,m1,44404,35,425,946686276,946686279,104,426,txs.log UpdateTx
3235ae3bb0079dd5c42ecd01b6f177ba95ce4907000c20baa8109196f49f00b6,1LtuCHDRfFnaxMXGm2gmsN7NoezE7zExV3Cet8,m3,1LtuCHDRfFnaxMXGm2gmsN7NoezE7zExV3Cet8,m3,8243,35,425,946686276,946686279,104,426,txs.log UpdateTx
25002f0fac3d87fea7adf66cea1156ea24b63aa96458df1d5a31b2ee5fe8bdfd,1WKxQntNgmP3dtjbv3UL3DHV2JEciQTnQ4K3sr,m2,1WKxQntNgmP3dtjbv3UL3DHV2JEciQTnQ4K3sr,m2,18080,35,425,946686276,946686279,104,426,txs.log UpdateTx
4bc7d00c4c8bd9651bed7920febb556bfad6e8a83c58cf0780cdcc1a75a63a9e,1ETD6u7wdHS6P9D1mxb1Qx3Aapa2DwAyyZutL2,m1,1ETD6u7wdHS6P9D1mxb1Qx3Aapa2DwAyyZutL2,m1,52503,36,437,946686318,946686322,92,438,txs.log UpdateTx
e7dba59c7b18f6f89ec42ea15d638a327896eb00670953827944129e94e74eab,1LtuCHDRfFnaxMXGm2gmsN7NoezE7zExV3Cet8,m3,1LtuCHDRfFnaxMXGm2gmsN7NoezE7zExV3Cet8,m3,5826,37,449,946686363,946686368,80,450,txs.log UpdateTx
cc5c9ab30286e27bcad42099a7a9a8a9fd230c899368e7f2ae240aa23b109f1e,1WKxQntNgmP3dtjbv3UL3DHV2JEciQTnQ4K3sr,m2,1WKxQntNgmP3dtjbv3UL3DHV2JEciQTnQ4K3sr,m2,17889,37,449,946686366,946686368,80,450,txs.log UpdateTx
c297daba6bde53c8a9126aaf83b15d63886d22ca29d42fece2778b20c073d4d0,1ETD6u7wdHS6P9D1mxb1Qx3Aapa2DwAyyZutL2,m1,1ETD6u7wdHS6P9D1mxb1Qx3Aapa2DwAyyZutL2,m1,35848,38,461,946686408,946686412,68,462,txs.log UpdateTx
414f90e9f8f39b4e56306e8934f27826615744710a778a6d92634c5e7e2b2490,1LtuCHDRfFnaxMXGm2gmsN7NoezE7zExV3Cet8,m3,1LtuCHDRfFnaxMXGm2gmsN7NoezE7zExV3Cet8,m3,6539,38,461,946686408,946686412,68,462,txs.log UpdateTx
59f9bece38e6d4bb4637e953eab78bf70e4d3ae2ddfcac2969725262b082ba98,1WKxQntNgmP3dtjbv3UL3DHV2JEciQTnQ4K3sr,m2,1WKxQntNgmP3dtjbv3UL3DHV2JEciQTnQ4K3sr,m2,15454,38,461,946686409,946686412,68,462,txs.log UpdateTx
16b2c8bb871cc27572b1bf109a1238bdedc7ad8bb39f10441da23e4bc174ea37,1ETD6u7wdHS6P9D1mxb1Qx3Aapa2DwAyyZutL2,m1,1ETD6u7wdHS6P9D1mxb1Qx3Aapa2DwAyyZutL2,m1,52503,39,473,946686450,946686455,56,474,txs.log UpdateTx
b8710d12097a5e0a7277d6d199206ea625ce7f3720b52d3f48daf3bde875e511,1LtuCHDRfFnaxMXGm2gmsN7NoezE7zExV3Cet8,m3,1LtuCHDRfFnaxMXGm2gmsN7NoezE7zExV3Cet8,m3,8243,39,473,946686450,946686455,56,474,txs.log UpdateTx
3d442b9903c8fee49e85c036dfde112402d4a6edb2fbd33eba7d30f9547b67df,1WKxQntNgmP3dtjbv3UL3DHV2JEciQTnQ4K3sr,m2,1WKxQntNgmP3dtjbv3UL3DHV2JEciQTnQ4K3sr,m2,18080,39,473,946686451,946686455,56,474,txs.log UpdateTx
8f28e446d2bfbd90555e4e7c6f9e863c3c01db0a13761f4b3387c0036240bdd9,1ETD6u7wdHS6P9D1mxb1Qx3Aapa2DwAyyZutL2,m1,1ETD6u7wdHS6P9D1mxb1Qx3Aapa2DwAyyZutL2,m1,44404,40,485,946686495,946686498,44,486,txs.log UpdateTx
a802ed49c22c4a6a1815c7bc01abf76f0e5f35ffb0f2319a57423b52d2c32b86,1ETD6u7wdHS6P9D1mxb1Qx3Aapa2DwAyyZutL2,m1,1ETD6u7wdHS6P9D1mxb1Qx3Aapa2DwAyyZutL2,m1,51006,41,497,946686537,946686539,32,498,txs.log UpdateTx
476d035f697b596e346edf2111f420e46382d54cf05ac1e8326db87de69c0e24,1LtuCHDRfFnaxMXGm2gmsN7NoezE7zExV3Cet8,m3,1LtuCHDRfFnaxMXGm2gmsN7NoezE7zExV3Cet8,m3,4122,41,497,946686538,946686539,32,498,txs.log UpdateTx
916c7f3f25b8cd60d3e913fe116808bd912cacaff9c58f4da363644a8ac70007,1WKxQntNgmP3dtjbv3UL3DHV2JEciQTnQ4K3sr,m2,1WKxQntNgmP3dtjbv3UL3DHV2JEciQTnQ4K3sr,m2,12808,41,497,946686538,946686539,32,498,txs.log UpdateTx
55e180452052eefe7d10154939e54dfedbf7becce1bd1feca89efad9b8d747d9,1LtuCHDRfFnaxMXGm2gmsN7NoezE7zExV3Cet8,m3,1LtuCHDRfFnaxMXGm2gmsN7NoezE7zExV3Cet8,m3,8243,42,509,946686580,946686582,20,510,txs.log UpdateTx
c176aedc539fa4737d22fcb8271e0e2d2290db38d3e56864bd0dffa19865a380,1ETD6u7wdHS6P9D1mxb1Qx3Aapa2DwAyyZutL2,m1,1ETD6u7wdHS6P9D1mxb1Qx3Aapa2DwAyyZutL2,m1,52503,42,509,946686579,946686582,20,510,txs.log UpdateTx
8fa9788a76b54a57837928ef75537a71821b26e9669d08e995499eb17ed2ab54,1WKxQntNgmP3dtjbv3UL3DHV2JEciQTnQ4K3sr,m2,1WKxQntNgmP3dtjbv3UL3DHV2JEciQTnQ4K3sr,m2,18080,42,509,946686580,946686582,20,510,txs.log UpdateTx
6ed60217579ebd439e509c8bcd833f69d55fd72f5033685c5e5a27dd1039a3cb,1ETD6u7wdHS6P9D1mxb1Qx3Aapa2DwAyyZutL2,m1,1ETD6u7wdHS6P9D1mxb1Qx3Aapa2DwAyyZutL2,m1,44404,43,521,946686621,946686622,8,522,txs.log UpdateTx
